TOTAL_ARTICLES: 259
LAST_FETCHED: 2025-12-18 18:28:25.774663
CURRENT_TIME: 2025-12-18 18:49:10.835595
CONFIDENCE_STATS (Last 48h):
  AVG: 0.66671052631578947368
  MIN: 0.35
  MAX: 1.00
  COUNT >= 0.4: 217
  COUNT >= 0.6: 120
